5 0 5
4.99013 0.313953 5
4.96057 0.626666 5
4.91144 0.936907 5
4.84292 1.24345 5
4.75528 1.54508 5
4.64888 1.84062 5
4.52414 2.1289 5
4.38153 2.40877 5
4.22164 2.67913 5
4.04508 2.93893 5
3.85257 3.18712 5
3.64484 3.42274 5
3.42274 3.64484 5
3.18712 3.85257 5
2.93893 4.04508 5
2.67913 4.22164 5
2.40877 4.38153 5
2.1289 4.52414 5
1.84062 4.64888 5
1.54508 4.75528 5
1.24345 4.84292 5
0.936907 4.91144 5
0.626666 4.96057 5
0.313953 4.99013 5
3.06162e-16 5 5
-0.313953 4.99013 5
-0.626666 4.96057 5
-0.936907 4.91144 5
-1.24345 4.84292 5
-1.54508 4.75528 5
-1.84062 4.64888 5
-2.1289 4.52414 5
-2.40877 4.38153 5
-2.67913 4.22164 5
-2.93893 4.04508 5
-3.18712 3.85257 5
-3.42274 3.64484 5
-3.64484 3.42274 5
-3.85257 3.18712 5
-4.04508 2.93893 5
-4.22164 2.67913 5
-4.38153 2.40877 5
-4.52414 2.1289 5
-4.64888 1.84062 5
-4.75528 1.54508 5
-4.84292 1.24345 5
-4.91144 0.936907 5
-4.96057 0.626666 5
-4.99013 0.313953 5
-5 6.12323e-16 5
-4.99013 -0.313953 5
-4.96057 -0.626666 5
-4.91144 -0.936907 5
-4.84292 -1.24345 5
-4.75528 -1.54508 5
-4.64888 -1.84062 5
-4.52414 -2.1289 5
-4.38153 -2.40877 5
-4.22164 -2.67913 5
-4.04508 -2.93893 5
-3.85257 -3.18712 5
-3.64484 -3.42274 5
-3.42274 -3.64484 5
-3.18712 -3.85257 5
-2.93893 -4.04508 5
-2.67913 -4.22164 5
-2.40877 -4.38153 5
-2.1289 -4.52414 5
-1.84062 -4.64888 5
-1.54508 -4.75528 5
-1.24345 -4.84292 5
-0.936907 -4.91144 5
-0.626666 -4.96057 5
-0.313953 -4.99013 5
-9.18485e-16 -5 5
0.313953 -4.99013 5
0.626666 -4.96057 5
0.936907 -4.91144 5
1.24345 -4.84292 5
1.54508 -4.75528 5
1.84062 -4.64888 5
2.1289 -4.52414 5
2.40877 -4.38153 5
2.67913 -4.22164 5
2.93893 -4.04508 5
3.18712 -3.85257 5
3.42274 -3.64484 5
3.64484 -3.42274 5
3.85257 -3.18712 5
4.04508 -2.93893 5
4.22164 -2.67913 5
4.38153 -2.40877 5
4.52414 -2.1289 5
4.64888 -1.84062 5
4.75528 -1.54508 5
4.84292 -1.24345 5
4.91144 -0.936907 5
4.96057 -0.626666 5
4.99013 -0.313953 5
