1 0 1 2
0.998027 0.125581 1 2
0.992115 0.250666 1 2
0.982287 0.374763 1 2
0.968583 0.49738 1 2
0.951057 0.618034 1 2
0.929776 0.736249 1 2
0.904827 0.851559 1 2
0.876307 0.963507 1 2
0.844328 1.07165 1 2
0.809017 1.17557 1 2
0.770513 1.27485 1 2
0.728969 1.36909 1 2
0.684547 1.45794 1 2
0.637424 1.54103 1 2
0.587785 1.61803 1 2
0.535827 1.68866 1 2
0.481754 1.75261 1 2
0.425779 1.80965 1 2
0.368125 1.85955 1 2
0.309017 1.90211 1 2
0.24869 1.93717 1 2
0.187381 1.96457 1 2
0.125333 1.98423 1 2
0.0627905 1.99605 1 2
6.12323e-17 2 1 2
-0.0627905 1.99605 1 2
-0.125333 1.98423 1 2
-0.187381 1.96457 1 2
-0.24869 1.93717 1 2
-0.309017 1.90211 1 2
-0.368125 1.85955 1 2
-0.425779 1.80965 1 2
-0.481754 1.75261 1 2
-0.535827 1.68866 1 2
-0.587785 1.61803 1 2
-0.637424 1.54103 1 2
-0.684547 1.45794 1 2
-0.728969 1.36909 1 2
-0.770513 1.27485 1 2
-0.809017 1.17557 1 2
-0.844328 1.07165 1 2
-0.876307 0.963507 1 2
-0.904827 0.851559 1 2
-0.929776 0.736249 1 2
-0.951057 0.618034 1 2
-0.968583 0.49738 1 2
-0.982287 0.374763 1 2
-0.992115 0.250666 1 2
-0.998027 0.125581 1 2
-1 2.44929e-16 1 2
-0.998027 -0.125581 1 2
-0.992115 -0.250666 1 2
-0.982287 -0.374763 1 2
-0.968583 -0.49738 1 2
-0.951057 -0.618034 1 2
-0.929776 -0.736249 1 2
-0.904827 -0.851559 1 2
-0.876307 -0.963507 1 2
-0.844328 -1.07165 1 2
-0.809017 -1.17557 1 2
-0.770513 -1.27485 1 2
-0.728969 -1.36909 1 2
-0.684547 -1.45794 1 2
-0.637424 -1.54103 1 2
-0.587785 -1.61803 1 2
-0.535827 -1.68866 1 2
-0.481754 -1.75261 1 2
-0.425779 -1.80965 1 2
-0.368125 -1.85955 1 2
-0.309017 -1.90211 1 2
-0.24869 -1.93717 1 2
-0.187381 -1.96457 1 2
-0.125333 -1.98423 1 2
-0.0627905 -1.99605 1 2
-1.83697e-16 -2 1 2
0.0627905 -1.99605 1 2
0.125333 -1.98423 1 2
0.187381 -1.96457 1 2
0.24869 -1.93717 1 2
0.309017 -1.90211 1 2
0.368125 -1.85955 1 2
0.425779 -1.80965 1 2
0.481754 -1.75261 1 2
0.535827 -1.68866 1 2
0.587785 -1.61803 1 2
0.637424 -1.54103 1 2
0.684547 -1.45794 1 2
0.728969 -1.36909 1 2
0.770513 -1.27485 1 2
0.809017 -1.17557 1 2
0.844328 -1.07165 1 2
0.876307 -0.963507 1 2
0.904827 -0.851559 1 2
0.929776 -0.736249 1 2
0.951057 -0.618034 1 2
0.968583 -0.49738 1 2
0.982287 -0.374763 1 2
0.992115 -0.250666 1 2
0.998027 -0.125581 1 2
